[ 1.5192535e-03  1.6248754e-03  8.8381959e-04  1.2790794e-03
  9.6320501e-04 -1.4498455e-03 -8.4050529e-04  1.1810991e-03
 -4.2864642e-04 -4.6287627e-05  1.4646892e-03 -1.5641351e-03
 -9.5934101e-04  1.3023337e-03 -7.2768744e-04 -1.7994369e-04
  8.4096979e-04  9.0759044e-04  8.2970411e-04 -1.7187718e-03
 -7.5640366e-04  1.0090336e-03 -1.2950589e-03 -1.3825014e-03
 -1.5798130e-03  8.3139731e-04 -1.7192628e-03  7.6786499e-04
 -1.6261656e-03  5.3499959e-04 -1.2912713e-03  1.3647581e-03
 -8.5385819e-04  9.5397950e-04 -8.8729052e-04  1.0048237e-03
 -1.3335802e-03 -1.5176826e-03 -7.4555207e-04 -1.0166480e-03
 -1.3713079e-03  1.2301045e-03  1.3368762e-03  1.2168833e-03
  1.2593633e-03 -1.4413185e-03  7.7992165e-04  6.9469621e-04
  1.5283716e-03 -1.1103547e-03 -9.2808844e-04 -1.0018753e-03
 -4.1532598e-04  1.0475635e-03  1.2604131e-03  1.4840984e-03
 -1.1102234e-03  3.0059891e-06 -1.8488163e-05 -1.4111193e-04
  4.3614634e-04 -5.5812125e-04  1.4197751e-03  1.4731343e-03
  1.2781603e-03 -2.5289552e-04  1.2760875e-03  1.3481821e-03
 -1.3645589e-03 -1.0006216e-03 -3.6089378e-04 -6.5878854e-04
  2.6937141e-04  8.3600008e-04 -1.7246311e-03 -1.4540652e-03
 -1.6202362e-03 -1.0157563e-03 -4.7241111e-04 -4.6483550e-04
  1.0326506e-03 -1.2402622e-03  1.7166948e-03 -4.0551182e-04
  1.6026822e-03 -1.1816565e-03  9.4856601e-04  1.1662591e-03
 -1.1289057e-03 -1.7552744e-04 -5.6836685e-05  4.4121985e-05
  9.8490610e-04 -2.0564787e-05  1.6515678e-03 -7.2244601e-04
 -1.3082323e-03 -4.6480843e-04 -3.3759039e-05 -8.3269534e-04
 -7.7458273e-04 -7.7500270e-04 -1.0694001e-03 -2.9493970e-04
  1.1441718e-03  2.1079418e-04 -8.1253384e-05  1.3090769e-03
 -3.3357023e-04 -7.2160026e-04  6.9176633e-04 -5.1576171e-05
 -9.1147306e-04  1.5071200e-03 -2.8401177e-04  4.6632995e-04
  1.3665105e-03 -2.2632416e-04  2.7936421e-04 -7.4644701e-04
  4.0767691e-04  6.2946655e-04 -5.0028815e-04  3.0744370e-04
  1.6632056e-03 -1.4791070e-03 -2.1062384e-04  8.3820365e-04
  2.4979818e-04  1.3213496e-03  1.7052036e-03  6.3890096e-04
  1.3681219e-03 -3.6136241e-04  1.2734164e-03  7.4983644e-04
 -1.5142872e-03  1.3218586e-03 -1.1967389e-03 -1.4831986e-03
  8.3717646e-04 -1.5530541e-03  1.7800140e-03 -9.8312530e-04
  4.5331755e-05 -3.9052899e-05  4.9594278e-04 -8.0261735e-04
 -1.0505602e-03 -3.9820044e-04 -5.1027135e-04 -4.3493300e-04
 -5.1266007e-04  6.1855721e-04  4.0130908e-04 -5.2125928e-05
  1.5086674e-03 -7.8784901e-04  4.5719644e-04  1.0853964e-03
  1.4589992e-03 -9.9276402e-04  1.3156831e-03  7.0805883e-04
 -1.1785657e-03 -1.7068386e-03 -1.6782719e-03  1.4363042e-03
 -2.7236380e-04 -9.3025737e-04  1.4228523e-03 -4.7761147e-04
  7.0940057e-04 -6.5664592e-04 -6.4407673e-04  1.5026821e-03
 -1.1906670e-03  1.0530938e-03  7.0573828e-05 -1.2982972e-03
  4.9120723e-04 -8.3357136e-04  6.5320451e-04 -5.2165735e-04
  4.7572475e-04  2.8055109e-04  3.9066438e-04  1.4820918e-03
 -5.3035015e-05  5.9673429e-04 -1.1620019e-03 -1.3515370e-03
  8.4025634e-04  1.5005779e-03 -1.4843496e-03  8.8947621e-04
 -1.8489237e-04  1.2415051e-04  9.1453915e-04  3.2907046e-04
 -9.5347765e-05 -3.4502358e-05 -1.7610895e-03  4.9735873e-04
 -1.0038974e-03  4.6597293e-04  7.1332662e-04  4.4773780e-05
  1.7278946e-03 -1.3858185e-03 -4.4630680e-05  4.2125772e-04
  1.5624926e-03 -6.5630022e-04  2.4143695e-04  9.4201340e-04
  1.6856720e-03 -8.8300789e-05  7.0829759e-04 -8.0662390e-04
 -1.6496652e-03  1.1054366e-03  1.5310831e-03 -7.7351963e-04
 -1.5532715e-03 -4.0023818e-04 -9.8583417e-04  1.5789855e-03
  5.2676105e-04  1.0963732e-03  1.1410004e-03 -1.2588481e-03
 -1.7005045e-03 -7.9447671e-04 -1.1240346e-03  1.8503115e-04
  9.3715254e-04 -1.0457740e-03  7.4222096e-04 -5.7975546e-04
  2.9624780e-04 -1.0209508e-03  3.3119385e-04 -1.2865876e-03
  1.5417371e-03 -8.0002926e-04  7.2264537e-04  4.8573976e-04
  3.0806608e-04  1.1496716e-03 -3.4467058e-04  1.6698675e-03
 -5.8603456e-04 -1.6868289e-03 -4.0363462e-04 -1.5291441e-03
  2.5620995e-04 -2.7458396e-04  6.0925016e-04 -1.1370309e-03
 -1.3934033e-03 -9.2103163e-04 -1.1504801e-03 -2.4962585e-04
 -1.4029358e-03  2.0521274e-04 -6.3045393e-04  1.3022587e-03
 -5.6386733e-04 -1.2127642e-04 -1.4102727e-04 -1.7384101e-03
  3.8266537e-04 -1.1454973e-03 -1.0108725e-03 -2.6318845e-05
  3.9932111e-04  1.5380164e-04  7.2050339e-04  1.0820790e-03
 -1.3474374e-03 -1.0408219e-03 -1.1085538e-03  2.4852678e-04
 -1.2898385e-03  6.0547369e-05 -3.5827441e-04  6.9626496e-04
 -6.2943978e-04  1.0576466e-03 -4.6781471e-04 -5.4221891e-04
  2.4761970e-04  1.0551328e-03 -1.5872596e-03 -8.5077120e-04
 -6.7325454e-04 -1.8909013e-04  4.4854642e-05 -9.7646692e-04]
